acc:0.21972049689440992,best_acc:0
acc:0.04503105590062112,best_acc:0.21972049689440992
acc:0.09083850931677018,best_acc:0.21972049689440992
