acc:0.2876712328767123,best_acc:0
acc:0.3367579908675799,best_acc:0.2876712328767123
